0.000000000000000000e+00
5.013178662115223005e-01
7.203261547416921484e-01
7.867370848724120069e-01
8.325190298172234771e-01
8.675532312514352418e-01
8.863170832651873221e-01
9.010032815436558318e-01
9.181885776790810194e-01
9.352103546123643474e-01
9.426947111173283878e-01
9.552943184220037409e-01
9.633997244415745120e-01
9.717003063672093877e-01
9.795768401927398283e-01
9.835286496882489349e-01
9.863853167309624137e-01
9.892285788749124453e-01
9.892285788749124453e-01
9.914238763846267011e-01
9.928927840965460216e-01
9.939502279446876809e-01
9.956985743409212386e-01
9.967796554220024197e-01
9.974736484399390202e-01
9.978314301930696351e-01
9.982109368344358469e-01
9.989265003406970767e-01
9.989265003406970767e-01
9.989265003406970767e-01
9.992683806825773951e-01
9.996478873239436069e-01
9.996478873239436069e-01
9.996478873239436069e-01
9.996478873239436069e-01
1.000000000000000000e+00
1.000000000000000000e+00
1.000000000000000000e+00
1.000000000000000000e+00
1.000000000000000000e+00
1.000000000000000000e+00
1.000000000000000000e+00
1.000000000000000000e+00
1.000000000000000000e+00
1.000000000000000000e+00
1.000000000000000000e+00
1.000000000000000000e+00
1.000000000000000000e+00
1.000000000000000000e+00
1.000000000000000000e+00
1.000000000000000000e+00
1.000000000000000000e+00
1.000000000000000000e+00
1.000000000000000000e+00
1.000000000000000000e+00
1.000000000000000000e+00
1.000000000000000000e+00
1.000000000000000000e+00
1.000000000000000000e+00
1.000000000000000000e+00
1.000000000000000000e+00
1.000000000000000000e+00
1.000000000000000000e+00
1.000000000000000000e+00
1.000000000000000000e+00
1.000000000000000000e+00
1.000000000000000000e+00
1.000000000000000000e+00
1.000000000000000000e+00
1.000000000000000000e+00
1.000000000000000000e+00
1.000000000000000000e+00
1.000000000000000000e+00
1.000000000000000000e+00
1.000000000000000000e+00
1.000000000000000000e+00
1.000000000000000000e+00
1.000000000000000000e+00
1.000000000000000000e+00
1.000000000000000000e+00
1.000000000000000000e+00
1.000000000000000000e+00
1.000000000000000000e+00
1.000000000000000000e+00
1.000000000000000000e+00
1.000000000000000000e+00
1.000000000000000000e+00
1.000000000000000000e+00
1.000000000000000000e+00
1.000000000000000000e+00
1.000000000000000000e+00
1.000000000000000000e+00
1.000000000000000000e+00
1.000000000000000000e+00
1.000000000000000000e+00
1.000000000000000000e+00
1.000000000000000000e+00
1.000000000000000000e+00
1.000000000000000000e+00
1.000000000000000000e+00
