1.000000000000000000e+00
9.486291486291487107e-01
9.710289710289711218e-01
9.797129186602869799e-01
9.843916083916084414e-01
9.815599173553719581e-01
9.843945528156053948e-01
9.823627580149318916e-01
9.843959961607019471e-01
9.860089094208875915e-01
9.843968531468532124e-01
9.857142857142857650e-01
9.838966050326932722e-01
9.823821709711006989e-01
9.835859974865556188e-01
9.846357794932861784e-01
9.855592862707487356e-01
9.863781325729391591e-01
9.832798774055537816e-01
9.805156319505847762e-01
9.814615580206179635e-01
9.823197396106941870e-01
9.831020688386173934e-01
9.821977576699485457e-01
9.829224145596248130e-01
9.835904998658492326e-01
9.828940200290489093e-01
9.810295830139678097e-01
9.816923129668285730e-01
9.810394592434438232e-01
9.816586715124854257e-01
9.812096191523849154e-01
9.817843704571987962e-01
9.823250756932063732e-01
9.828345795459745293e-01
9.833154868498950041e-01
9.828849091321896214e-01
9.833380989480028367e-01
9.818923626023480233e-01
9.814674421828142314e-01
9.819215937615336509e-01
9.815097629967493020e-01
9.819414935088808249e-01
9.807632559589343213e-01
9.804267569113322978e-01
9.808527846122909732e-01
9.812606626161815004e-01
9.801677724724353613e-01
9.805724391160686171e-01
9.802561165076060234e-01
9.806430114993659464e-01
9.803416662260644454e-01
9.800556482705424788e-01
9.804242809231655809e-01
9.801096224722195549e-01
9.798554430683659167e-01
9.802077897005430085e-01
9.799635516149376446e-01
9.791585741813697563e-01
9.788929424812178315e-01
9.786620801453091989e-01
9.790043474237080101e-01
9.793357918703243792e-01
9.796569310694176469e-01
9.799682512853900018e-01
9.797575360750538920e-01
9.774918813798307848e-01
9.778199848956508067e-01
9.766599693977147112e-01
9.745090160949041458e-01
9.739396573821338388e-01
9.733329756435791236e-01
9.723090453904017494e-01
9.712904802516442171e-01
9.707844577841910905e-01
9.702407405154381825e-01
9.671225668848402179e-01
9.645142847862280266e-01
9.628462579230132601e-01
9.586901479352387678e-01
9.579276482202827570e-01
9.567810012571790201e-01
9.552952669680336850e-01
9.522991206893376415e-01
9.474826950592847297e-01
9.465782969824794169e-01
9.423461793330989433e-01
9.411767754171487255e-01
9.354033370047464269e-01
9.301933905820787274e-01
9.227565000742053991e-01
9.182302512315503318e-01
9.116299535741425597e-01
9.037675606214005120e-01
8.982442757816405665e-01
8.926456113129962455e-01
8.834550419733065985e-01
8.738244484177917215e-01
8.461872372690913968e-01
7.755599425064019226e-01
